# Our first left - right synced paths


task_path = [[-0.129, -1.059, -1.229, -0.875, 1.716, 1.523],
             [0.3, -1.059, -1.229, -0.875, 1.716, 1.523],
             [-0.4, -1.059, -1.229, -0.875, 1.716, 1.523],
             [0.3, -1.059, -1.229, -0.875, 1.716, 1.523],
             [-0.4, -1.059, -1.229, -0.875, 1.716, 1.523],
             [0.3, -1.059, -1.229, -0.875, 1.716, 1.523],
             [-0.4, -1.059, -1.229, -0.875, 1.716, 1.523],
             [0.3, -1.059, -1.229, -0.875, 1.716, 1.523]]

camera_path = [[-0.01, -1.653, 0.0, -0.572, -1.399, 0.0],
               [-0.3, -1.653, 0.0, -0.572, -1.399, 0.0],
               [0.4, -1.653, 0.0, -0.572, -1.399, 0.0],
               [-0.3, -1.653, 0.0, -0.572, -1.399, 0.0],
               [0.4, -1.653, 0.0, -0.572, -1.399, 0.0],
               [-0.3, -1.653, 0.0, -0.572, -1.399, 0.0],
               [0.4, -1.653, 0.0, -0.572, -1.399, 0.0],
               [-0.3, -1.653, 0.0, -0.572, -1.399, 0.0]]


square:
1
task:  [0.3, -1.059, -1.229, -0.874, 1.716, 1.523]
cam:  [0.3, -0.979, -1.226, -0.967, 1.807, 1.523]

2
task:  [-0.406, -1.349, -1.227, -0.598, 1.3, 1.575]
cam:  [-0.406, -1.349, -1.227, -0.598, 1.3, 1.575]

3
task:  [-0.619, -2.458, -1.248, 0.597, 1.566, 1.555]
cam:  [-0.619, -2.458, -1.248, 0.597, 1.566, 1.555]

4
task:  [0.237, -1.844, -1.927, 0.597, 1.566, 1.555]
cam:  [0.237, -1.844, -1.927, 0.597, 1.566, 1.555]
